id	x	y	z	longitude	latitude
93390	22.733547907800034	-22.242419868291325	55.53792	-44.37436709279973	60.20167711375601
93534	22.06806837614762	-22.45066430037369	55.72224	-45.49239029825151	60.535426558054674
93623	22.61934476267568	-21.60297384532085	55.83616	-43.68339075162163	60.743433276533196
93678	21.40014014772034	-22.638254142586355	55.90656	-46.61041350370323	60.87265323790631
93822	20.730283178090765	-22.805011295365922	56.09088	-47.728436709155744	61.21348021873928
93856	22.48436850710349	-20.961448172222568	56.1344	-42.99241441044353	61.29449266154864
93911	21.294981795851832	-21.989638634464622	56.2048	-45.91943716252513	61.425987002868155
93966	20.059023246108275	-22.950761455169364	56.2752	-48.84645991460832	61.558037798038484
94000	21.827678484937064	-21.160203910166267	56.31872	-44.11043761589525	61.6399509302327
94089	22.327985586409397	-20.317928100165492	56.43264	-42.30143806926537	61.85540543968991
94110	19.386892008123105	-23.07533357581148	56.45952	-49.964483120060095	61.90646411422679
94144	21.168397115316367	-21.337887297637177	56.50304	-45.22846082134697	61.98931176809593
94199	19.962644941899562	-22.29212178080077	56.57344	-48.15548357343022	62.12380901458737
94233	21.67516985012584	-20.51113971300951	56.61696	-43.419461274717094	62.20725208821373
94343	19.29480873091679	-22.411314906085657	56.75776	-49.27350677888194	62.47880980186369
94377	21.019678476862925	-20.68302944664794	56.80128	-44.53748448016887	62.56324670761557
94432	19.844155970080635	-21.62918139488208	56.87168	-47.46450723225206	62.700345706470486
94466	21.500164452453305	-19.859580496009066	56.9152	-42.728484933538994	62.78541658711062
94521	20.362034150708947	-20.833361655896116	56.9856	-45.65550768562139	62.92355380494979
94576	19.180259658241845	-21.742366555699977	57.056	-48.58253043770384	63.06234559986883
94610	20.848051632053814	-20.02507325621604	57.09952	-43.846508138990714	63.14847601128679
94665	19.70276591000325	-20.961900264270277	57.16992	-46.77353089107396	63.28834879627989
94699	21.30186020691507	-19.205546987561913	57.21344	-42.03750859236084	63.375155981009385
94720	18.5158991105638	-21.833626506492756	57.24032	-49.70055364315556	63.42890347925918
94754	20.193689298499976	-20.16870316530163	57.28384	-44.96453134444323	63.51613764945338
94809	19.042409228442224	-21.068407742374323	57.35424	-47.89155409652568	63.65781904614009
94843	20.65266524608326	-19.364001787224268	57.39776	-43.15553179781256	63.74575885411534
94898	19.537606017207732	-20.290207917386372	57.46816	-46.082554549895804	63.88859682698369
94932	21.07937271236381	-18.549035274936855	57.511680000000005	-41.34653225118274	63.97726113315282
94953	18.381506124729505	-21.152643941430398	57.53856	-49.00957730197746	64.03216503781616
95042	18.880336826714828	-20.389321498259726	57.65248	-47.20057775534758	64.26606278558916
95076	20.432578292535588	-18.69976813544499	57.696	-42.46455545663446	64.35594141983711
95097	17.720605304640877	-21.21436475934958	57.72288	-50.127600507429975	64.41160169514298
95131	19.347716331306245	-19.613997649722144	57.7664	-45.391578208717704	64.50195854384654
95165	20.831721554006396	-17.890011925371812	57.80992	-40.65555591000458	64.59261515890091
95186	18.222423339535382	-20.4657727289921	57.8368	-48.3186009607993	64.64876011081427
95220	19.783289575616283	-18.827905094962436	57.88032	-43.58257866208703	64.73990851131306
95241	17.060262339963224	-21.25332061235685	57.9072	-51.24562371288255	64.79635988049918
95275	18.69302243367547	-19.7049476978678	57.95072	-46.509601414169424	64.88800877130122
95309	20.186744750632506	-18.032289460720495	57.99424	-41.7735791154563	64.97997152092465
95330	17.564413873628457	-20.519283594255626	58.02112	-49.436624166251875	65.03693035336369
95364	19.13202999814516	-18.933119389590146	58.06464	-44.70060186753955	65.12940822446296
95385	16.40103988947032	-21.269254679786112	58.09152	-52.36364691833427	65.18668809857637
95419	18.03756631266212	-19.772792562375127	58.13504	-47.6276246196212	65.27969048675357
95453	19.539116315751162	-18.151531338318183	58.17856	-42.89160232090887	65.3730219447214
95474	16.906863618554148	-20.549567318802833	58.20544	-50.55464737170439	65.4308338774243
95508	18.479329080064232	-19.015074432383717	58.24896	-45.818625072991324	65.52470566338066
95542	19.913994863405758	-17.36143957250807	58.29248	-41.0826027742782	65.61891653480261
95563	17.381894179728477	-19.81721483748716	58.31936	-48.74564782507372	65.67727672099953
95597	18.88935403210659	-18.247370834049995	58.36288	-44.00962552636145	65.77204452792117
95618	16.250334840995304	-20.556326147878018	58.38976	-51.67267057715617	65.83075197606478
95631	20.25642257869888	-16.564111305867833	58.4064	-39.27360322764832	65.86716194570754
95652	17.82572243928118	-19.073421506360802	58.43328	-46.936648278443045	65.92608740457857
95707	16.726558919392243	-19.83788429177111	58.50368	-49.86367103052629	66.08106289553538
95720	20.566200069719848	-15.760823639323412	58.52032	-37.4646036810185	66.11783171696602
95741	18.237981191551388	-18.31942723494974	58.5472	-45.12764873181317	66.17734035186065
95762	15.595397135040317	-20.539248777742003	58.57408	-52.79069378260789	66.23698930243748
95775	19.613011960968144	-16.68703963261671	58.59072	-40.39162643310004	66.27398562443376
95796	17.171751820463015	-19.107797090623116	58.6176	-48.05467148389562	66.3338640109918
95809	20.843171767147567	-14.952862278091866	58.63424	-35.65560413438783	66.37100323950717
95830	18.618345475824402	-17.556486325243135	58.66112	-43.31864918518329	66.43111390354925
95851	16.072120247055622	-19.834455040766425	58.688	-50.98169423597801	66.49136947793632
95885	17.585526504822855	-18.367302905918784	58.73152	-46.245671937264945	66.58923622922896
95906	14.942627723464657	-20.498007370423725	58.7584	-53.908716988060405	66.6498766763731
95919	18.966532831882198	-16.78586623727041	58.77504	-41.50964963855262	66.68749061188662
95940	16.51796513846472	-19.117819750119626	58.80192	-49.172694689348134	66.74837293732871
95953	20.20661442151991	-15.10197778923092	58.81856	-36.7736273398404	66.7861375611481
95974	17.967537578954076	-17.61765547839079	58.84544	-44.43667239063507	66.8472648649198
95995	15.419144901888544	-19.806562253762376	58.87232	-52.09971744142979	66.90854505611985
96008	19.28230349238529	-16.0088463714893	58.88896	-39.70065009192194	66.94655756427413
96029	16.932524004766996	-18.390579869117488	58.91584	-47.36369514271752	67.00808788876792
96042	20.45423261574389	-14.303397119238463	58.93248	-34.96462779320967	67.04625624965715
96063	18.31748153216112	-16.860122737078058	58.95936	-42.62767284400519	67.10803998397134
96084	15.864916536423541	-19.103086503356334	58.98624	-50.29071789479991	67.16998190388253
96097	19.565460510082556	-15.226716873114832	59.00288	-37.89165054529212	67.20840673956606
96118	17.315429982595408	-17.653988752127255	59.02976	-45.55469559608679	67.27060752112972
96139	14.768206878667172	-19.75381830176859	59.05664	-53.217740646882305	67.33296991518029
96152	18.6350969053808	-16.09598562899045	59.07328	-40.81867329737452	67.37165678203412
96173	16.2795129384464	-18.38881579823335	59.10016	-48.481718348170034	67.43428368510004
96186	19.81584981761929	-14.440777464027274	59.1168	-36.082650998662245	67.47313540116104
96207	17.66635735617454	-16.909315001546837	59.14368	-43.74569604945691	67.53603040645385
96228	15.213166457982355	-19.063168561603817	59.17056	-51.40874110025163	67.59909283454574
96241	18.92016438903869	-15.32653697518629	59.1872	-39.00967375074379	67.63821600266532
96262	16.662544528009338	-17.665003243863435	59.21408	-46.67271880153936	67.70155251811667
96296	17.98502168895558	-16.157841349877085	59.2576	-41.93669650282703	67.80446094516147
96317	15.627037641778264	-18.361539305625907	59.28448	-49.599741553621755	67.86824894352891
96330	19.172506846779612	-14.553080359696688	59.30112	-37.200674204113966	67.90782440034343
96364	20.21792329890561	-12.862708919584936	59.34464	-32.4646519054009	68.0116493144767
96372	14.56328173225028	-18.997606306393052	59.35488	-52.52676430570415	68.03614647878562
96385	18.271179876513006	-15.40086357350479	59.37152	-40.12769695619636	68.07600985973903
96406	16.009406637654894	-17.65018347072379	59.3984	-47.79074200699188	68.14055053416023
96440	17.33255637434699	-16.193845628623343	59.44192	-43.05471970827881	68.24543097653377
96453	20.36951327944161	-12.073217114135426	59.45856	-30.655652358770965	68.28565966910678
96461	14.975647387887394	-18.308244368962885	59.4688	-50.71776475907353	68.31045107788681
96474	18.52463011622981	-14.639689445588388	59.48544	-38.31869740956569	68.35079474349578
96495	16.359898869952293	-16.9303714425447	59.51232	-45.98174246036126	68.41611690761701
96508	19.578518599191316	-12.999405016365941	59.52896	-33.582675110853415	68.45664894056509
96529	17.61895903746046	-15.449084255407831	59.55584	-41.24572016164893	68.52227764254124
96542	20.488146765761755	-11.285188024760874	59.57248	-28.846652812141144	68.56300084693068
96563	18.745211788609545	-13.875637736355559	59.59936	-36.509697862935866	68.62894067209392
96584	16.678178979689612	-16.203390058374797	59.62624	-44.17274291373053	68.6950750018244
96597	19.732043586735358	-12.221837881299868	59.64288	-31.773675564222742	68.73611356921194
96631	20.573882430873827	-10.499953178970893	59.6864	-27.03765326551047	68.84380409677235
96639	15.705572333099171	-16.90107009630425	59.69664	-47.09976566581378	68.86921912873153
96652	18.93280524421106	-13.110037270213027	59.71328	-34.70069831630599	68.91058088685512
96673	16.963950721190677	-15.470541655139748	59.74016	-42.36374336710071	68.97756009317509
96686	19.85255439636549	-11.445564105772569	59.7568	-29.964676017592865	69.01912569834334
96694	14.704490380876948	-17.540777983803835	59.76704	-50.026788417895375	69.04474366005623
96707	18.093415617829017	-13.947756699129124	59.78368	-37.62772106838753	69.08643676203181
96720	20.62682060152899	-9.71884765648374	59.80032	-25.228653718879855	69.1282094100603
96728	16.02236576760475	-16.185818103991135	59.81056	-45.290766119183104	69.15395540020671
96741	19.087331489168967	-12.344226050367793	59.8272	-32.891698769675315	69.19585756041452
96749	13.678342590548286	-18.12136082699068	59.83744	-52.953811169978565	69.2216836397939
96762	17.216956746602364	-14.733143172426686	59.85408	-40.554743820470776	69.26371658335252
96775	19.94008223174066	-10.671926127603234	59.87072	-28.155676470962987	69.3058311340968
96783	15.051186680765662	-16.844358372438585	59.88096	-48.2177888712655	69.33178855933615
96796	18.281132455525192	-13.193851233947715	59.8976	-35.81872152175771	69.37403599561432
96817	16.306598783281004	-15.464524979794824	59.92448	-43.48176657255243	69.44245725109793
96830	19.208751760994105	-11.579550463213424	59.94112	-31.082699223044642	69.48492265718338
96838	14.053776232564548	-17.44493645031141	59.95136	-51.14481162334789	69.51109707188597
96851	17.436978267959976	-13.992525321852776	59.968	-38.7457442738401	69.55369888422085
96872	15.365589722963964	-16.14041592559325	59.99488	-46.40878932463562	69.62269726910925
96885	18.43568265219517	-12.439576859248497	60.01152	-34.00972197512789	69.66552287639252
96893	13.033549266883323	-17.98652050870666	60.02176	-54.07183437543034	69.6919200797143
96906	16.55798223991147	-14.738512461669128	60.0384	-41.67276702592261	69.73488577048731
96919	19.297066984779203	-10.817364576612208	60.05504	-29.273699676414708	69.77793890337375
96927	14.397244937433474	-16.759518988716412	60.06528	-49.335812076717275	69.80447684398413
96940	17.623834584548813	-13.250031835813143	60.08192	-36.93674472720943	69.84767241614396
96953	20.0165157077003	-9.137952990127877	60.09856	-24.537677377701698	69.89095690899995
96961	15.647339901394526	-15.430259770017694	60.1088	-44.599789778005004	69.91763796671059
96974	18.55699543977364	-11.68629047450988	60.12544	-32.200722428497215	69.96106732070504
96982	13.404936547197527	-17.320729404479714	60.13568	-52.262834828800464	69.9878379923009
96995	16.776263735902052	-14.009117519710422	60.15232	-39.863767479292676	70.03141373744133
97008	19.352317097991214	-10.05902954848016	60.16896	-27.464700129784887	70.07508088413007
97016	14.70831866693986	-16.06640125702542	60.1792	-47.5268125300874	70.10199866581699
97029	17.777382460949756	-12.507018810712513	60.19584	-35.12774518057961	70.1458147380236
97037	12.392082663705763	-17.82313716183218	60.20608	-55.18985758088206	70.17282465667995
97042	20.00568362797913	-8.380326653944211	60.21248	-22.72867783107182	70.1897238031001
97050	15.896112813437052	-14.715216383868853	60.22272	-42.790790231374274	70.21679125615067
97063	18.64503799873952	-10.935358467647957	60.23936	-30.391722881866485	70.26085185435248
97071	13.744247327648926	-16.645761179243653	60.2496	-50.45383528216979	70.28801306333303
97084	16.961226928897645	-13.277691716892548	60.26624	-38.054767932662	70.33222684312626
97097	19.374580229615944	-9.305913164852507	60.28288	-25.655700583154214	70.37653628873291
97105	14.986600863737655	-15.366895431954292	60.29312	-45.71781298345752	70.40385147125284
97118	17.897515338227862	-11.764854162304717	60.30976	-33.31874563394973	70.44831683093722
97126	12.758505399722104	-17.16735681359428	60.32	-53.380858034252185	70.47572848971534
97139	16.11161850959816	-13.996628969561701	60.33664	-40.98179068474445	70.52035149164801
97152	18.69981456730304	-10.188156280214855	60.35328	-28.582723335236608	70.56507296158689
97160	14.051012893948663	-15.962909818190685	60.36352	-48.64483573553912	70.59264310411668
97173	17.11269066859464	-12.545600681330257	60.38016	-36.24576838603133	70.63752508219733
97186	19.363971716403622	-8.55938953000276	60.3968	-23.846701036523598	70.68250732905335
97207	17.984162357068566	-11.024917213847836	60.42368	-31.50974608731906	70.75538456168606
97215	13.092689336310377	-16.502205894257433	60.43392	-51.571858487622364	70.78321724997345
97228	16.293600531976494	-13.27585693621226	60.45056	-39.17279113811452	70.82852828803568
97241	18.721365363779558	-9.446068127844276	60.4672	-26.77372378860673	70.87394262544639
97249	14.324795165765547	-15.273489925529782	60.47744	-46.83583618890924	70.90194157368957
97262	17.230507916289145	-11.814223711285377	60.49408	-34.43676883940145	70.94752434302613
97283	15.443366582211068	-13.954061390356797	60.52096	-42.099813890196174	71.02138070836422
97296	18.03728716708702	-10.288598441577856	60.5376	-29.700746540688385	71.06724035806084
97317	16.44183471117854	-12.554275513142294	60.56448	-37.363791591483846	71.14154825133387
97330	18.709765296240434	-8.71048690402535	60.58112	-24.964724241976057	71.18769009368523
97338	14.565185493654369	-14.578836197921976	60.59136	-45.02683664227936	71.2161393669488
97351	17.314564420123073	-11.084953538080725	60.608	-32.62776929277163	71.2624582326321
97359	12.443059215698774	-16.327867486509493	60.61824	-52.689881693074085	71.2910170961719
97372	15.62121564910304	-13.243449287471075	60.63488	-40.29081434356635	71.33751511831429
97385	18.056886490756625	-9.557299406711678	60.65152	-27.89174699405845	71.38412513449941
97393	13.662318689454356	-15.14899078256324	60.66176	-47.95385939436102	71.41286425244189
97406	16.556127684598014	-11.833275519960083	60.6784	-35.55479204485317	71.45965697002333
97427	14.771803147316588	-13.880303018973601	60.70528	-43.21783709564875	71.53548687429466
97440	17.364777107935403	-10.359196276995775	60.72192	-30.81876974614096	71.58258018009083
97448	12.738081922300434	-15.663524848359083	60.73216	-50.88088214644421	71.61161853860852
97461	15.76500126382589	-12.531880693318454	60.7488	-38.48181479693642	71.65890053131075
97474	18.042988403067074	-8.832432909068007	60.76544	-26.08274744742863	71.70630051544717
97482	13.896819010582924	-14.463579844723803	60.77568	-46.14485984773114	71.73552878143995
97495	16.63631509040858	-11.114263323776525	60.79232	-33.74579249822335	71.78312131668126
97503	11.795834741334243	-16.121630817058566	60.80256	-53.80790489852586	71.81246882603357
97516	14.944293443187386	-13.179264199639771	60.8192	-41.40883754901802	71.86025636493764
97529	17.38109215064452	-9.638371602361241	60.83584	-29.00977019951023	71.90816587217745
97537	12.999544150975309	-14.99221132790102	60.84608	-49.071882599813534	71.93770969002536
97550	15.874476400846012	-11.820757725314511	60.86272	-36.672815250305746	71.98581828284713
97563	17.995650278651176	-8.115423404781906	60.87936	-24.273747900797957	72.03405141467177
97571	14.0971865300751	-13.774104100676343	60.8896	-44.33586030110126	72.0637956786393
97584	16.68225938067922	-10.39866102044588	60.90624	-31.936792951593475	72.11223212122263
97592	12.083308183922355	-15.465320162930832	60.91648	-51.998905351895985	72.14210232061444
97605	15.08232544691269	-12.477112894376223	60.93312	-39.599838002388196	72.1907447582819
97618	17.363482637568364	-8.923913190818375	60.94976	-27.20077065288035	72.23951608771574
97626	13.22692672702243	-14.31526490701375	60.96	-47.26288305318286	72.26959373924294
97639	15.949418087014415	-11.111500213563298	60.97664	-34.86381570367507	72.3185755359812
97647	11.151478935311962	-15.882222307375432	60.98688	-54.92592810397838	72.3487835754165
97652	17.914956346057167	-7.407707739946688	60.99328	-22.46474835416734	72.36768904275237
97660	14.263005297689071	-13.081942802492806	61.00352	-42.52686075447059	72.39797868258148
97673	16.693847182937134	-9.687906884727084	61.02016	-30.1277934049628	72.44730729180438
97681	12.33681387264087	-14.801800542900716	61.0304	-50.18990580526611	72.4777302039157
97694	15.18558917026874	-11.77526172915985	61.04704	-37.79083845575826	72.5272768635183
97707	17.311945790200138	-8.217269486561335	61.06368	-25.391771106250474	72.57696001341506
97715	13.419727725829249	-13.634045753121477	61.07392	-45.453883506552984	72.60760260795831
97728	15.989624402996977	-10.405546133552189	61.09056	-33.054816157045195	72.65750872502655
97749	14.393876846195317	-12.388496163092691	61.11744	-40.71786120783992	72.73842170047085
97762	16.67098612122333	-8.983456144467993	61.13408	-28.31879385833213	72.7886954785607
97770	12.555763110886572	-14.132407595342697	61.14432	-48.38090625863538	72.81970409040359
97783	15.2537921612808	-11.075143185478384	61.16096	-35.98183890912759	72.87020918787917
97796	17.22649962155956	-7.519904855010368	61.1776	-23.5827715596198	72.92085914508806
97804	13.577458874194699	-12.949936164087894	61.18784	-43.644883959923106	72.95210091055161
97817	15.994910853502441	-9.704352359540028	61.20448	-31.245816610415375	73.00298761287814
97825	11.674430240414589	-14.576204371622033	61.21472	-51.30792901071783	73.03437612454742
97838	14.489416313815534	-11.695185652025184	61.23136	-38.908861661210096	73.08550302931432
97851	16.613600983751805	-8.286782147050879	61.248	-26.509794311702194	73.13678040021118
97859	12.739576642505986	-13.458499881937652	61.25824	-46.57190671200476	73.1684110894202
97872	15.286655359050874	-10.378210294612504	61.27488	-34.172839362496916	73.21993444051421
97880	10.77908604667916	-14.964804395109448	61.28512	-54.23495176280028	73.25171762833435
97893	13.699641143115922	-12.264340726359695	61.30176	-41.83588441329249	73.3034906441923
97914	11.883525148069591	-13.91329385176629	61.32864	-49.49892946408795	73.38745508365909
97927	14.549247711991802	-11.003454581934767	61.34528	-37.09986211458016	73.43964036794434
97940	16.521629092648702	-7.599378003398969	61.36192	-24.700794765072374	73.49198598627461
97948	12.887679646946628	-12.781458846785734	61.37216	-44.762907165374884	73.52427902957223
97961	15.28390804874757	-9.685937709764033	61.3888	-32.363839815867095	73.57688689386718
97982	13.785799349080406	-11.578686732289373	61.41568	-40.02688486666182	73.66221678091051
97995	15.900045968504386	-8.322175053256668	61.43232	-27.62781751715397	73.71525797105527
98003	12.056803721719374	-13.245576796135904	61.44256	-47.68992991745728	73.7479824085744
98016	14.57299814085239	-10.31476904960614	61.4592	-35.29086256794949	73.80129680891915
98024	10.130301862729336	-14.658953927766557	61.46944	-55.352974968252795	73.83419071638212
98029	16.395014689011738	-6.922758817226651	61.47584	-22.8917952184417	73.85478253103595
98037	12.99949558618586	-12.10268898792057	61.48608	-42.95390761874495	73.88778271509852
98050	15.245281704008965	-8.999823240875905	61.50272	-30.554840269237218	73.94154881092796
98058	11.21033428247144	-13.655920229469928	61.51296	-50.61695266953973	73.97472293212455
98071	13.835455527119612	-10.894424913555328	61.5296	-38.21788532003194	74.0287739831239
98084	15.799568239534116	-7.644212536730332	61.54624	-25.818817970524094	74.08300378551878
98092	12.193586033070105	-12.574427607796615	61.55648	-45.880930370826604	74.1164656120019
98105	14.560290695441388	-9.630619311853327	61.57312	-33.481863021318816	74.17098805510176
98113	10.351631363713782	-14.011905624153238	61.58336	-53.54397542162212	74.20463147080139
98118	16.233702089510555	-6.258464636907422	61.58976	-21.082795671811084	74.22569411372189
98126	13.074438620453266	-11.42361828669007	61.6	-41.14490807211433	74.25945147483128
98139	15.170502438834875	-8.321389959838761	61.61664	-28.745840722606545	74.31445820935387
98173	15.663503361853152	-6.977057489200966	61.66016	-24.009818423894217	74.45921925232739
98181	12.293175642890244	-11.901243483478936	61.6704	-44.07193082419673	74.49347218757347
98194	14.510735725041691	-8.952521698180835	61.68704	-31.67286347468894	74.5492911814527
98202	10.53621160486205	-13.357914718217458	61.69728	-51.73497587499145	74.58373933197008
98207	16.037627292839204	-5.60806430719008	61.70368	-19.27379612518115	74.6053076186111
98215	13.111904220373454	-10.745698951178221	61.71392	-39.33590852548366	74.6398783459059
98228	15.059281701838996	-7.652189014331615	61.73056	-26.93684117597587	74.69621831884375
98236	11.49495525839263	-12.326378988476362	61.7408	-46.99895357627912	74.73098992041618
98249	13.823285096283167	-9.53600512758228	61.75744	-34.59988622677133	74.78765924533222
98257	9.691480651137557	-13.668537237254997	61.76768	-54.66199862707464	74.8226353537483
98270	12.354848818587804	-11.227444624999908	61.78432	-42.26293127756685	74.8796400222512
98283	14.423919996571865	-8.28202119116424	61.80096	-29.863863928059118	74.93685536669534
98291	10.683117214433238	-12.698289693603623	61.8112	-49.92597632836157	74.97217056689391
98304	13.11125747960454	-10.070408543744094	61.82784	-37.52690897885384	75.02973134685213
98312	8.840592635404112	-13.924646629930649	61.83808	-57.58902137915629	75.06526110231727
98317	14.911304721981098	-6.99380332993605	61.84448	-25.127841629345937	75.08750920617541
98325	11.580228724697166	-11.657268822725957	61.85472	-45.189954029648504	75.12317380538893
98338	13.760404882173797	-8.864878410279912	61.87136	-32.79088668014066	75.18130770590629
98346	9.861043050649585	-13.016428519115207	61.8816	-52.85299908044402	75.21719348905373
98351	15.283838902278323	-5.68152483134623	61.888	-20.391819330632927	75.2396654185305
98359	12.377841039158241	-10.554474696152816	61.89824	-40.45393173093623	75.2756902541248
98372	14.299393157284987	-7.620694844893864	61.91488	-28.054864381428445	75.33441516472955
98380	10.791375489162453	-12.03435615384154	61.92512	-48.116976781731694	75.37066815958991
98393	13.071818458796283	-9.399251580986233	61.94176	-35.717909432223905	75.42976745212196
98401	9.032146938898213	-13.280437405226984	61.952	-55.780021832526415	75.46625309891503
98406	14.7262160407071	-6.3478524370389575	61.9584	-23.318842082716117	75.4891022078802
98414	11.626296484936537	-10.987123672497392	61.96864	-43.38095448301863	75.52573419347829
98427	13.658886973881966	-8.201211493207408	61.98528	-30.98188713351084	75.58545546780016
98435	9.991669132398112	-12.358076220766847	61.99552	-51.04399953381335	75.62232769739447
98440	15.039765001012936	-5.056420179129337	62.00192	-18.58281978400305	75.64541992075262
98448	12.361329971281496	-9.883801570018372	62.01216	-38.64493218430556	75.68244331636124
98456	8.199866726509184	-13.490147660699927	62.0224	-58.70704458460881	75.71956068694242
98461	14.136650670728159	-6.970156266096302	62.0288	-26.245864834797715	75.74280709138833
98469	10.85994845078173	-11.367455103265808	62.03904	-46.30797723510102	75.78007874305989
98482	12.99284364486879	-8.733761718617734	62.05568	-33.90890988559323	75.84085010399438
98490	9.18452940440699	-12.627984564972493	62.06592	-53.97102228589654	75.87837518453092
98495	14.503601216253537	-5.715998738408664	62.07232	-21.509842536085443	75.9018780465679
98503	11.632187525472375	-10.317361931164612	62.08256	-41.57195493638869	75.93956268286315
98516	13.518068593712911	-7.546600615884761	62.0992	-29.17288758688096	76.00101220694815
98524	10.082177019637651	-11.694749652347863	62.10944	-49.23499998718347	76.03895903547242
98537	12.304413789249006	-9.21691841867652	62.12608	-36.83593263767568	76.10083918881332
98550	13.935112080170308	-6.332061458537174	62.14272	-24.436865288167837	76.16299059860742
98558	10.887709920164093	-10.698940879019766	62.15296	-44.49897768847035	76.20137403381355
98566	6.538972109338807	-13.746941824030852	62.1632	-64.56109008877365	76.23986245418591
98571	12.87350225177868	-8.075504666177164	62.1696	-32.09991033896256	76.26397142184798
98584	14.242963423076596	-5.099955646013236	62.18624	-19.700842989454827	76.32684984949202
98600	7.561776971863713	-13.005518669756773	62.20672	-59.82506779006138	76.40463025740668
98605	13.3371915200793	-6.902682248396204	62.21312	-27.363888040250288	76.42902632412327
98613	10.131278687202917	-11.027722451740784	62.22336	-47.426000440553594	76.46814979446191
98621	5.717275719477358	-13.794629005068387	62.2336	-67.4881128408561	76.50738458443739
98626	12.206083255298218	-8.555345204299373	62.24	-35.026933091045805	76.53196328996908
98634	8.506112456857535	-12.188259548175575	62.25024	-55.08904549134826	76.57138105850868
98639	13.6940929828214	-5.708116439618405	62.25664	-22.627865741538017	76.5960749435553
98647	10.873415897555335	-10.030178551969595	62.26688	-42.68997814184047	76.63567832480506
98655	6.753128027530321	-13.1131836847268	62.27712	-62.75209054214298	76.6753972659902
98660	12.712845560021485	-7.426082020597506	62.28352	-30.29091079233268	76.70028074704881
98668	9.366330448217104	-11.303066796104545	62.29376	-50.35302319263519	76.74018969128913
98681	11.519035043671174	-8.984758399794352	62.3104	-37.9539558431274	76.80529454734703
98689	7.714784423174284	-12.353943957066827	62.32064	-58.01606824343071	76.84551637489469
98694	13.11536852026831	-6.271139722247892	62.32704	-25.554888493619615	76.87071648317554
98702	10.137545340993618	-10.358267068428901	62.33728	-45.617000893922864	76.91113579758073
98710	5.9509585651442105	-13.167112136134346	62.34752	-65.67911329422623	76.95167812458793
98715	12.065185294267389	-7.900630636132387	62.35392	-33.217933544415075	76.97708005677023
98723	8.59634971705847	-11.524509492226935	62.36416	-53.28004594471838	77.01782474103659
98728	13.412768390007352	-5.100087195570271	62.37056	-20.818866194907287	77.04335411356234
98736	10.815665790899102	-9.36254051310725	62.3808	-40.88097859521059	77.0843042709531
98749	12.50976669328218	-6.787136268415978	62.39744	-28.48191124570286	77.1511218830128
98757	9.392668894718478	-10.632932241474505	62.40768	-48.544023646005314	77.19241074660277
98765	5.158768898902681	-13.167777577150751	62.41792	-68.60613604630782	77.23383090891801
98770	11.397420052116752	-8.324847667867951	62.42432	-36.14495629649758	77.25978575447995
98778	7.824862304026201	-11.691759813194508	62.43456	-56.207068696800036	77.30142202177646
98783	12.85153904930904	-5.653711908338195	62.44096	-23.74588894698968	77.32751301181817
98791	10.099361690168378	-9.687647393003072	62.4512	-43.80800134729225	77.36936886128524
98799	6.1431485759185644	-12.523188040614473	62.46144	-63.87011374759555	77.41136160709748
98804	11.88037475081668	-7.254354658724455	62.46784	-31.408933997784402	77.43767720084843
98812	8.642290747722834	-10.853586050030854	62.47808	-51.471046398087765	77.47989534576999
98825	10.712850885349908	-8.697401797655292	62.49472	-39.071979048579976	77.54880024568826
98833	7.05542951370017	-11.804697784170882	62.50496	-59.134091448883225	77.59139042197909
98838	12.262946994629646	-6.16035729136737	62.51136	-26.672911699072188	77.61808250462659
98846	9.373580781428224	-9.95919257641097	62.5216	-46.73502409937544	77.66090805744008
98854	5.369939951096165	-12.527279478642638	62.53184	-66.79713649967795	77.7038804434415
98859	11.230384160542568	-7.671180437783651	62.53824	-34.33595674986765	77.73081343387133
98867	7.889966464405675	-11.019803940186696	62.54848	-54.39806915017016	77.77402773142678
98872	12.544409772171596	-5.052204632974209	62.55488	-21.93688940035986	77.80111321838639
98880	10.014864539293441	-9.017108607818965	62.56512	-41.99900180066237	77.84457362558645
98888	6.291643376325735	-11.863369862544797	62.57536	-62.06111420096488	77.88818762434447
98893	11.650049373526123	-6.618131526103353	62.58176	-29.59993445115458	77.91552510809426
98901	8.641847525755386	-10.176443747282043	62.592	-49.66204685145709	77.95939225883437
98914	10.563084630699894	-8.036133425663838	62.60864	-37.2629795019493	78.03101419850293
98922	7.139298425840833	-11.131320026501221	62.61888	-57.32509190225255	78.07529991322782
98927	11.97078319928516	-5.547490830755185	62.62528	-24.863912152441515	78.10306098145863
98935	9.306928108060438	-9.282926452417605	62.63552	-44.926024552744764	78.1476119837734
98943	5.537123218244685	-11.867983000003639	62.64576	-64.98813695304807	78.19232866485066
98948	11.016012529771368	-7.025262648351295	62.65216	-32.526957203236975	78.22036156249102
98956	7.90774838421122	-10.338817230805711	62.6624	-52.58906960354028	78.26535151817555
98961	12.192373117079232	-4.4685058278941305	62.6688	-20.127889853729187	78.29355680739967
98964	3.8665738378944545	-12.376986797541223	62.67264	-72.65118200384279	78.31051219079298
98969	9.881858713598222	-8.347862782945283	62.67904	-40.190002254032436	78.33882518450665
98977	6.393932626069658	-11.18802031884472	62.68928	-60.252114654335	78.38426752643151
98982	11.372260408219946	-5.993613479799375	62.69568	-27.790934904524704	78.4127582408999
98990	8.592584628327767	-9.493949987156318	62.70592	-47.853047304827214	78.45848766604631
98998	4.795513967623494	-11.8188967607272	62.71616	-67.91515970512972	78.50439652429905
99003	10.364106363049546	-7.380092570001807	62.72256	-35.453979955319426	78.53318163648335
99016	11.631286377290797	-4.9503495401284585	62.7392	-23.05491260581158	78.60835875972367
99032	5.6575572448053935	-11.189933526136324	62.75968	-63.1791374064174	78.701561978242
99037	10.751969557955569	-6.3886111212372585	62.76608	-30.717957656606302	78.73084399632334
99053	4.070486719276546	-11.716613044501953	62.78656	-70.84218245721291	78.8250553753163
99066	6.447091551988733	-10.49728918722714	62.8032	-58.443115107705125	78.90218345530278
99071	11.044586724223912	-5.38249495411715	62.8096	-25.98193535789403	78.9319894076305
99079	8.49159580827011	-8.806844100094516	62.81984	-46.04404775819734	78.97984451379803
99087	4.9339035576197405	-11.137218812509117	62.83008	-66.10616015849985	79.02790574820366
99092	10.113145080442942	-6.7306075350975805	62.83648	-33.64498040868955	79.05804990076432
99100	7.159211249223782	-9.748614236422927	62.84672	-53.707092808992	79.10645192368132
99105	11.241938139514223	-4.370827511231241	62.85312	-21.24591305918176	79.1368113737017
99113	9.020254234831727	-7.926725871972639	62.86336	-41.30802545948421	79.18556163202541
99121	5.727998467120029	-10.492876469332424	62.8736	-61.37013785978672	79.23453000883487
99126	10.435341340770501	-5.762746836501304	62.88	-28.908958109976425	79.26524733355379
99134	7.789752979622139	-8.951952929884541	62.89024	-48.971070510278935	79.31457656142194
99155	6.447627969550203	-9.791021625544209	62.91712	-56.63411556107445	79.44514981714795
99160	10.66395263135616	-4.786517009871746	62.92352	-24.172935811263358	79.476474737334
99168	8.335325467636148	-8.115676287961241	62.93376	-44.235048211566664	79.52678728333733
99181	9.80672110983504	-6.088954008195143	62.9504	-31.83598086205882	79.60905890822399
99189	7.0883703093168675	-9.039514209756815	62.96064	-51.89809326236218	79.66000935867437
99194	10.799479890676306	-3.8109195385468677	62.96704	-19.43691351255103	79.6919798775953
99202	8.793333124795867	-7.248413368315	62.97728	-39.499025912854336	79.7433377374222
99210	5.74453565434613	-9.776125733926794	62.98752	-59.561138313156846	79.7949512767695
99215	10.062403301281188	-5.14918273476142	62.99392	-27.099958563346604	79.82734130472473
99223	7.646557592279609	-8.246573814763995	63.00416	-47.16207096364906	79.87937868463605
99244	6.391255373505638	-9.068619038697987	63.03104	-54.82511601444378	80.01725379659428
99249	10.226355384849917	-4.207471186966298	63.03744	-22.363936264633423	80.05035990979316
99257	8.11930176673954	-7.420713270179652	63.04768	-42.42604866493605	80.10355771706757
99270	9.440347312924267	-5.456316115197437	63.06432	-30.026981315428145	80.19061328723913
99278	6.957686425808641	-8.318081534014823	63.07456	-50.08909371573151	80.24456825983593
99283	10.299592846945487	-3.272746960207833	63.08096	-17.627913965920413	80.27844070153975
99291	8.504514267069084	-6.570671171289747	63.0912	-37.69002636622372	80.33288108832294
99299	5.702308596688985	-9.0383597292057	63.10144	-57.75213876652697	80.38762684971014
99304	9.628264602873795	-4.549401199218103	63.10784	-25.29095901671593	80.42200034927556
99312	7.4406429618637855	-7.532915068395963	63.11808	-45.35307141701918	80.47725360473434
99320	4.3796015197729075	-9.572580869629798	63.12832	-65.41518381732169	80.53282633741584
99325	8.800919186114006	-5.705344161493693	63.13472	-32.95400406751139	80.56772403778751
99333	6.272543119738373	-8.328819208592735	63.14496	-53.0161164678139	80.62382806703428
99338	9.726441108648094	-3.6472007773634667	63.15136	-20.554936718003603	80.65906266451522
99346	7.837721329848862	-6.7217862057367	63.1616	-40.61704911830611	80.7157136722521
99354	5.025535486551715	-8.947772018095282	63.17184	-60.67916151860862	80.77270941475975
99359	9.008059886081625	-4.833719850298193	63.17824	-28.217981768798325	80.80850966254958
99367	6.761060920430421	-7.583142522716345	63.18848	-48.280094169100835	80.86607939917684
99372	9.736390896833198	-2.75859277343793	63.19488	-15.818914419290536	80.90224389705045
99388	5.595062541520852	-8.27729033119358	63.21536	-55.943139219896295	81.01894057056485
99393	9.12629899690913	-3.9648113601298953	63.22176	-23.481959470085258	81.05571792255596
99401	7.165124476207024	-6.809931515107853	63.232	-43.54407187038851	81.11487572977191
99414	8.368620913711636	-5.0572445217715085	63.24864	-31.14500452088072	81.21184959754359
99427	9.156811782643718	-3.107594648411795	63.26528	-18.74593717137293	81.3098969488161
99435	7.482770224837201	-6.018032775906918	63.27552	-38.80804957167618	81.37078318600413
99443	4.929297685601566	-8.161777107292423	63.28576	-58.870161971978746	81.4320987900561
99448	8.501642740786002	-4.221913457478769	63.29216	-26.408982222168504	81.470643192426
99456	6.490295953738646	-6.832438267037906	63.3024	-46.47109462247096	81.53267647190147
99469	7.7128154489926235	-5.21647882466522	63.31904	-34.07202727296317	81.63445437763058
99477	5.414402671049793	-7.489094631350915	63.32928	-54.13413967326568	81.69770260203633
99482	8.54718122099252	-3.3966648514554025	63.33568	-21.672959923455323	81.73747686214949
99490	6.810533665075391	-6.075446530953492	63.34592	-41.73507232375789	81.80151422909343
99503	7.8548566930421515	-4.414432758370056	63.36256	-29.336004974250045	81.90664810168147
99524	7.043441811550422	-5.307431010734221	63.38944	-36.99905002504556	82.07940719071652
99532	4.755209090714159	-7.339520583879425	63.39968	-57.06116242534887	82.14621318968324
99537	7.909258808317475	-3.6211385138726877	63.40608	-24.599982675537774	82.18825522464476
99545	6.133821958681044	-6.061896224516092	63.41632	-44.66209507584108	82.25599425532687
99558	7.188131769529558	-4.53765879086119	63.43296	-32.26302772633329	82.36734438638386
99566	5.148455296789961	-6.667366932827059	63.4432	-52.3251401266358	82.43667742404814
99579	6.363139471217343	-5.325332219142388	63.45984	-39.926072777127956	82.55071172480741
99592	7.244425891226978	-3.7755503328812616	63.47648	-27.527005427620168	82.6665088685229
99600	5.4557524737810885	-5.972532845153034	63.48672	-47.58911782792268	82.73868134725599
99613	6.5033020626550755	-4.5858838834259705	63.50336	-35.19005047841489	82.85750845360867
99634	5.674240976631471	-5.264180361795797	63.53024	-42.85309552921041	83.0537299741673
99647	6.553404797471156	-3.8531711389557763	63.54688	-30.454028179702618	83.17801396459299
99668	5.801564826095833	-4.5518001967362	63.57376	-38.11707323049808	83.38368653121739
99702	5.835758809887079	-3.845205393008953	63.61728	-33.38105093178507	83.7309045343509
